function f = sand_1_d1(t,y,dy)

f= [0 0 0 -1 0 
    0 0 0 0 -1
    -y(3) -2 -y(1) 0 0
    2 -y(3) -y(2) 0 0
    2*y(1)  2*y(2)  0 0 0];