function f = example1_d2(t,y,dy)

f= [1 0 0 0 0
    0 1 0 0 0
    0 0 0 1 0
    0 0 0 0 1
    0 0 0 0 0];